ClockTime(s)_UtilizationValuesFrom:	Vision_Module	Audio_Module	Perceptual_SubNetwork	Production_Module	Declarative_Module	Imaginary_Module	Cognitive_SubNetwork	Motor_Module	Speech_Module	Motor_SubNetwork	Overall_Utilization
0.5	0.0	0.0	0.0	1.0	0.0	0.0	0.3333333333333333	0.6	0.0	0.3	0.2111111111111111
1.5	0.0	0.0	0.0	1.0	0.0	0.0	0.3333333333333333	0.6499999999999999	0.0	0.32499999999999996	0.21944444444444441
2.5	0.0	0.0	0.0	1.0	0.0	0.0	0.3333333333333333	0.6499999999999999	0.0	0.32499999999999996	0.21944444444444441
3.5	0.0	0.0	0.0	1.0	0.0	0.0	0.3333333333333333	0.7000000000000002	0.0	0.3500000000000001	0.22777777777777777
4.5	0.0	0.0	0.0	1.0	0.0	0.0	0.3333333333333333	0.6500000000000004	0.0	0.3250000000000002	0.21944444444444447
5.5	0.0	0.0	0.0	1.0	0.0	0.0	0.3333333333333333	0.6500000000000004	0.0	0.3250000000000002	0.21944444444444447
6.5	0.0	0.0	0.0	1.0	0.0	0.0	0.3333333333333333	0.6999999999999993	0.0	0.34999999999999964	0.22777777777777763
7.5	0.0	0.0	0.0	1.0	0.0	0.0	0.3333333333333333	0.6500000000000004	0.0	0.3250000000000002	0.21944444444444447
8.5	0.0	0.0	0.0	1.0	0.0	0.0	0.3333333333333333	0.6500000000000004	0.0	0.3250000000000002	0.21944444444444447
9.5	0.0	0.0	0.0	1.0	0.0	0.0	0.3333333333333333	0.6999999999999993	0.0	0.34999999999999964	0.22777777777777763
10.5	0.0	0.0	0.0	1.0	0.0	0.0	0.3333333333333333	0.6500000000000004	0.0	0.3250000000000002	0.21944444444444447
11.5	0.0	0.0	0.0	1.0	0.0	0.0	0.3333333333333333	0.6500000000000004	0.0	0.3250000000000002	0.21944444444444447
12.5	0.0	0.0	0.0	1.0	0.0	0.0	0.3333333333333333	0.6999999999999993	0.0	0.34999999999999964	0.22777777777777763
13.5	0.0	0.0	0.0	1.0	0.0	0.0	0.3333333333333333	0.6500000000000004	0.0	0.3250000000000002	0.21944444444444447
14.5	0.0	0.0	0.0	1.0	0.0	0.0	0.3333333333333333	0.6500000000000004	0.0	0.3250000000000002	0.21944444444444447
15.5	0.0	0.0	0.0	1.0	0.0	0.0	0.3333333333333333	0.6999999999999993	0.0	0.34999999999999964	0.22777777777777763
16.5	0.0	0.0	0.0	1.0	0.0	0.0	0.3333333333333333	0.6499999999999986	0.0	0.3249999999999993	0.2194444444444442
17.5	0.0	0.0	0.0	1.0	0.0	0.0	0.3333333333333333	0.6499999999999986	0.0	0.3249999999999993	0.2194444444444442
18.5	0.0	0.0	0.0	1.0	0.0	0.0	0.3333333333333333	0.7000000000000028	0.0	0.3500000000000014	0.22777777777777822
19.5	0.0	0.0	0.0	1.0	0.0	0.0	0.3333333333333333	0.6499999999999986	0.0	0.3249999999999993	0.2194444444444442
20.5	0.0	0.0	0.0	1.0	0.0	0.0	0.3333333333333333	0.6499999999999986	0.0	0.3249999999999993	0.2194444444444442
21.5	0.0	0.0	0.0	1.0	0.0	0.0	0.3333333333333333	0.7000000000000028	0.0	0.3500000000000014	0.22777777777777822
22.5	0.0	0.0	0.0	1.0	0.0	0.0	0.3333333333333333	0.6499999999999986	0.0	0.3249999999999993	0.2194444444444442
23.5	0.0	0.0	0.0	1.0	0.0	0.0	0.3333333333333333	0.6499999999999986	0.0	0.3249999999999993	0.2194444444444442
24.5	0.0	0.0	0.0	1.0	0.0	0.0	0.3333333333333333	0.7000000000000028	0.0	0.3500000000000014	0.22777777777777822
25.5	0.0	0.0	0.0	1.0	0.0	0.0	0.3333333333333333	0.6499999999999986	0.0	0.3249999999999993	0.2194444444444442
26.5	0.0	0.0	0.0	1.0	0.0	0.0	0.3333333333333333	0.6499999999999986	0.0	0.3249999999999993	0.2194444444444442
27.5	0.0	0.0	0.0	1.0	0.0	0.0	0.3333333333333333	0.7000000000000028	0.0	0.3500000000000014	0.22777777777777822
28.5	0.0	0.0	0.0	1.0	0.0	0.0	0.3333333333333333	0.6499999999999986	0.0	0.3249999999999993	0.2194444444444442
29.5	0.0	0.0	0.0	1.0	0.0	0.0	0.3333333333333333	0.6499999999999986	0.0	0.3249999999999993	0.2194444444444442
30.5	0.0	0.0	0.0	1.0	0.0	0.0	0.3333333333333333	0.7000000000000028	0.0	0.3500000000000014	0.22777777777777822
31.5	0.0	0.0	0.0	1.0	0.0	0.0	0.3333333333333333	0.6499999999999986	0.0	0.3249999999999993	0.2194444444444442
32.5	0.0	0.0	0.0	1.0	0.0	0.0	0.3333333333333333	0.6499999999999986	0.0	0.3249999999999993	0.2194444444444442
33.5	0.0	0.0	0.0	1.0	0.0	0.0	0.3333333333333333	0.7000000000000028	0.0	0.3500000000000014	0.22777777777777822
34.5	0.0	0.0	0.0	1.0	0.0	0.0	0.3333333333333333	0.6499999999999986	0.0	0.3249999999999993	0.2194444444444442
35.5	0.0	0.0	0.0	1.0	0.0	0.0	0.3333333333333333	0.6499999999999986	0.0	0.3249999999999993	0.2194444444444442
36.5	0.0	0.0	0.0	1.0	0.0	0.0	0.3333333333333333	0.7000000000000028	0.0	0.3500000000000014	0.22777777777777822
37.5	0.0	0.0	0.0	1.0	0.0	0.0	0.3333333333333333	0.6499999999999986	0.0	0.3249999999999993	0.2194444444444442
38.5	0.0	0.0	0.0	1.0	0.0	0.0	0.3333333333333333	0.6499999999999986	0.0	0.3249999999999993	0.2194444444444442
39.5	0.0	0.0	0.0	1.0	0.0	0.0	0.3333333333333333	0.7000000000000028	0.0	0.3500000000000014	0.22777777777777822
40.5	0.0	0.0	0.0	1.0	0.0	0.0	0.3333333333333333	0.6499999999999986	0.0	0.3249999999999993	0.2194444444444442
41.5	0.0	0.0	0.0	1.0	0.0	0.0	0.3333333333333333	0.6499999999999986	0.0	0.3249999999999993	0.2194444444444442
42.5	0.0	0.0	0.0	1.0	0.0	0.0	0.3333333333333333	0.7000000000000028	0.0	0.3500000000000014	0.22777777777777822
43.5	0.0	0.0	0.0	1.0	0.0	0.0	0.3333333333333333	0.6499999999999986	0.0	0.3249999999999993	0.2194444444444442
44.5	0.0	0.0	0.0	1.0	0.0	0.0	0.3333333333333333	0.6499999999999986	0.0	0.3249999999999993	0.2194444444444442
45.5	0.0	0.0	0.0	1.0	0.0	0.0	0.3333333333333333	0.7000000000000028	0.0	0.3500000000000014	0.22777777777777822
46.5	0.0	0.0	0.0	1.0	0.0	0.0	0.3333333333333333	0.6499999999999986	0.0	0.3249999999999993	0.2194444444444442
47.5	0.0	0.0	0.0	1.0	0.0	0.0	0.3333333333333333	0.6499999999999986	0.0	0.3249999999999993	0.2194444444444442
48.5	0.0	0.0	0.0	1.0	0.0	0.0	0.3333333333333333	0.7000000000000028	0.0	0.3500000000000014	0.22777777777777822
49.5	0.0	0.0	0.0	1.0	0.0	0.0	0.3333333333333333	0.6499999999999986	0.0	0.3249999999999993	0.2194444444444442
50.5	0.0	0.0	0.0	1.0	0.0	0.0	0.3333333333333333	0.6499999999999986	0.0	0.3249999999999993	0.2194444444444442
51.5	0.0	0.0	0.0	1.0	0.0	0.0	0.3333333333333333	0.7000000000000028	0.0	0.3500000000000014	0.22777777777777822
52.5	0.0	0.0	0.0	1.0	0.0	0.0	0.3333333333333333	0.6499999999999986	0.0	0.3249999999999993	0.2194444444444442
53.5	0.0	0.0	0.0	1.0	0.0	0.0	0.3333333333333333	0.6499999999999986	0.0	0.3249999999999993	0.2194444444444442
54.5	0.0	0.0	0.0	1.0	0.0	0.0	0.3333333333333333	0.7000000000000028	0.0	0.3500000000000014	0.22777777777777822
55.5	0.0	0.0	0.0	1.0	0.0	0.0	0.3333333333333333	0.6499999999999986	0.0	0.3249999999999993	0.2194444444444442
56.5	0.0	0.0	0.0	1.0	0.0	0.0	0.3333333333333333	0.6499999999999986	0.0	0.3249999999999993	0.2194444444444442
57.5	0.0	0.0	0.0	1.0	0.0	0.0	0.3333333333333333	0.7000000000000028	0.0	0.3500000000000014	0.22777777777777822
58.5	0.0	0.0	0.0	1.0	0.0	0.0	0.3333333333333333	0.6499999999999986	0.0	0.3249999999999993	0.2194444444444442
59.5	0.0	0.0	0.0	1.0	0.0	0.0	0.3333333333333333	0.6499999999999986	0.0	0.3249999999999993	0.2194444444444442
60.5	0.0	0.0	0.0	1.0	0.0	0.0	0.3333333333333333	0.7000000000000028	0.0	0.3500000000000014	0.22777777777777822
61.5	0.0	0.0	0.0	1.0	0.0	0.0	0.3333333333333333	0.6499999999999986	0.0	0.3249999999999993	0.2194444444444442
62.5	0.0	0.0	0.0	1.0	0.0	0.0	0.3333333333333333	0.6499999999999986	0.0	0.3249999999999993	0.2194444444444442
63.5	0.0	0.0	0.0	1.0	0.0	0.0	0.3333333333333333	0.7000000000000028	0.0	0.3500000000000014	0.22777777777777822
64.5	0.0	0.0	0.0	1.0	0.0	0.0	0.3333333333333333	0.6500000000000057	0.0	0.32500000000000284	0.21944444444444536
65.5	0.0	0.0	0.0	1.0	0.0	0.0	0.3333333333333333	0.6500000000000057	0.0	0.32500000000000284	0.21944444444444536
66.5	0.0	0.0	0.0	1.0	0.0	0.0	0.3333333333333333	0.6999999999999886	0.0	0.3499999999999943	0.22777777777777586
67.5	0.0	0.0	0.0	1.0	0.0	0.0	0.3333333333333333	0.6500000000000057	0.0	0.32500000000000284	0.21944444444444536
