ClockTime(s)_UtilizationValuesFrom:	Vision_Module	Audio_Module	Perceptual_SubNetwork	Production_Module	Declarative_Module	Imaginary_Module	Cognitive_SubNetwork	Motor_Module	Speech_Module	Motor_SubNetwork	Overall_Utilization
0.5	0.17000000000000007	0.0	0.08500000000000003	0.4299999999999998	0.0	0.4000000000000001	0.2766666666666666	0.0	0.0	0.0	0.12055555555555554
1.5	0.16999999999999993	0.0	0.08499999999999996	0.43000000000000016	0.0	0.3999999999999999	0.27666666666666667	0.0	0.0	0.0	0.12055555555555554
2.5	0.16999999999999993	0.0	0.08499999999999996	0.43000000000000016	0.0	0.3999999999999999	0.27666666666666667	0.0	0.0	0.0	0.12055555555555554
3.5	0.1900000000000004	0.0	0.0950000000000002	0.40999999999999925	0.0	0.40000000000000036	0.26999999999999985	0.0	0.0	0.0	0.12166666666666669
4.5	0.15000000000000036	0.0	0.07500000000000018	0.29999999999999893	0.0	0.40000000000000036	0.2333333333333331	0.15000000000000036	0.0	0.07500000000000018	0.1277777777777778
5.5	0.16999999999999993	0.0	0.08499999999999996	0.39999999999999947	0.0	0.28000000000000025	0.22666666666666657	0.7000000000000002	0.0	0.3500000000000001	0.22055555555555553
6.5	0.0	0.0	0.0	0.09999999999999964	0.0	0.1200000000000001	0.07333333333333325	0.0	0.0	0.0	0.024444444444444418
7.5	0.0	0.0	0.0	0.0	0.0	0.0	0.0	0.0	0.0	0.0	0.0
8.5	0.0	0.0	0.0	0.0	0.0	0.0	0.0	0.0	0.0	0.0	0.0
9.5	0.0	0.0	0.0	0.0	0.0	0.0	0.0	0.0	0.0	0.0	0.0
10.5	0.25500000000000256	0.0	0.12750000000000128	0.3449999999999971	0.0	0.40000000000000036	0.2483333333333325	0.0	0.0	0.0	0.12527777777777793
11.5	0.16999999999999993	0.0	0.08499999999999996	0.4299999999999997	0.0	0.40000000000000036	0.27666666666666667	0.0	0.0	0.0	0.12055555555555554
12.5	0.16999999999999993	0.0	0.08499999999999996	0.4300000000000015	0.0	0.3999999999999986	0.27666666666666667	0.0	0.0	0.0	0.12055555555555554
13.5	0.1700000000000017	0.0	0.08500000000000085	0.42999999999999616	0.0	0.40000000000000213	0.2766666666666661	0.0	0.0	0.0	0.12055555555555565
14.5	0.16999999999999993	0.0	0.08499999999999996	0.3150000000000013	0.0	0.21499999999999986	0.17666666666666705	0.5499999999999989	0.0	0.27499999999999947	0.17888888888888885
15.5	0.08499999999999908	0.0	0.04249999999999954	0.3000000000000007	0.0	0.3849999999999998	0.2283333333333335	0.3000000000000007	0.0	0.15000000000000036	0.1402777777777778
16.5	0.0	0.0	0.0	0.0	0.0	0.0	0.0	0.0	0.0	0.0	0.0
17.5	0.0	0.0	0.0	0.0	0.0	0.0	0.0	0.0	0.0	0.0	0.0
18.5	0.0	0.0	0.0	0.0	0.0	0.0	0.0	0.0	0.0	0.0	0.0
19.5	0.0	0.0	0.0	0.0	0.0	0.0	0.0	0.0	0.0	0.0	0.0
20.5	0.25499999999999545	0.0	0.12749999999999773	0.34500000000000597	0.0	0.3999999999999986	0.24833333333333485	0.0	0.0	0.0	0.12527777777777752
21.5	0.1700000000000017	0.0	0.08500000000000085	0.42999999999999616	0.0	0.40000000000000213	0.2766666666666661	0.0	0.0	0.0	0.12055555555555565
22.5	0.08500000000000085	0.0	0.042500000000000426	0.264999999999997	0.0	0.1999999999999993	0.15499999999999878	0.45000000000000284	0.0	0.22500000000000142	0.14083333333333356
23.5	0.1700000000000017	0.0	0.08500000000000085	0.4299999999999997	0.0	0.3999999999999986	0.2766666666666661	0.5499999999999972	0.0	0.2749999999999986	0.21222222222222187
24.5	0.16999999999999815	0.0	0.08499999999999908	0.43000000000000327	0.0	0.3999999999999986	0.2766666666666673	0.0	0.0	0.0	0.12055555555555546
25.5	0.1700000000000017	0.0	0.08500000000000085	0.399999999999995	0.0	0.40000000000000213	0.2666666666666657	0.0	0.0	0.0	0.11722222222222219
26.5	0.0	0.0	0.0	0.0	0.0	0.0	0.0	0.0	0.0	0.0	0.0
27.5	0.0	0.0	0.0	0.0	0.0	0.0	0.0	0.0	0.0	0.0	0.0
28.5	0.0	0.0	0.0	0.0	0.0	0.0	0.0	0.0	0.0	0.0	0.0
29.5	0.0	0.0	0.0	0.0	0.0	0.0	0.0	0.0	0.0	0.0	0.0
30.5	0.25499999999999545	0.0	0.12749999999999773	0.34500000000000597	0.0	0.3999999999999986	0.24833333333333485	0.0	0.0	0.0	0.12527777777777752
31.5	0.08500000000000085	0.0	0.042500000000000426	0.2549999999999919	0.0	0.20000000000000284	0.15166666666666492	0.4600000000000044	0.0	0.2300000000000022	0.1413888888888892
32.5	0.1600000000000037	0.0	0.08000000000000185	0.3500000000000014	0.0	0.19999999999999574	0.18333333333333238	0.7399999999999949	0.0	0.36999999999999744	0.21111111111111056
33.5	0.1799999999999926	0.0	0.0899999999999963	0.4200000000000159	0.0	0.3999999999999915	0.2733333333333358	0.0	0.0	0.0	0.12111111111111071
34.5	0.1700000000000017	0.0	0.08500000000000085	0.4299999999999997	0.0	0.3999999999999986	0.2766666666666661	0.0	0.0	0.0	0.12055555555555565
35.5	0.1700000000000017	0.0	0.08500000000000085	0.3999999999999915	0.0	0.4300000000000068	0.2766666666666661	0.0	0.0	0.0	0.12055555555555565
36.5	0.0	0.0	0.0	0.10000000000000142	0.0	0.1700000000000017	0.09000000000000104	0.0	0.0	0.0	0.030000000000000346
37.5	0.0	0.0	0.0	0.0	0.0	0.0	0.0	0.0	0.0	0.0	0.0
38.5	0.0	0.0	0.0	0.0	0.0	0.0	0.0	0.0	0.0	0.0	0.0
39.5	0.0	0.0	0.0	0.0	0.0	0.0	0.0	0.0	0.0	0.0	0.0
40.5	0.25500000000000256	0.0	0.12750000000000128	0.34500000000000597	0.0	0.3999999999999915	0.2483333333333325	0.0	0.0	0.0	0.12527777777777793
41.5	0.1699999999999946	0.0	0.0849999999999973	0.4300000000000139	0.0	0.3999999999999915	0.27666666666666845	0.0	0.0	0.0	0.12055555555555525
42.5	0.1669999999999945	0.0	0.08349999999999724	0.2750000000000128	0.0	0.19999999999999574	0.15833333333333618	0.44999999999999574	0.0	0.22499999999999787	0.15561111111111045
43.5	0.08800000000000097	0.0	0.04400000000000048	0.3500000000000014	0.6469999999999985	0.19999999999999574	0.3989999999999985	0.0	0.0	0.0	0.14766666666666634
44.5	0.18500000000000227	0.0	0.09250000000000114	0.5	0.4650000000000034	0.19999999999999574	0.38833333333333303	0.0	0.0	0.0	0.16027777777777805
45.5	0.0	0.0	0.0	0.11200000000000188	0.8879999999999981	0.0	0.3333333333333333	0.0	0.0	0.0	0.1111111111111111
46.5	0.30000000000000426	0.0	0.15000000000000213	0.9649999999999963	0.0	0.20000000000000284	0.38833333333333303	0.0	0.0	0.0	0.17944444444444504
47.5	0.3499999999999943	0.0	0.17499999999999716	0.9650000000000034	0.0	0.19999999999999574	0.38833333333333303	0.0	0.0	0.0	0.1877777777777767
48.5	0.34199999999999875	0.0	0.17099999999999937	1.0	0.0	0.0	0.3333333333333333	0.0	0.0	0.0	0.16811111111111088
49.5	0.25799999999999557	0.0	0.12899999999999778	1.0	0.0	0.2920000000000016	0.4306666666666672	0.0	0.0	0.0	0.186555555555555
50.5	0.3500000000000014	0.0	0.1750000000000007	0.9650000000000034	0.0	0.3079999999999927	0.42433333333333206	0.0	0.0	0.0	0.1997777777777776
51.5	0.2499999999999929	0.0	0.12499999999999645	1.0	0.0	0.3999999999999986	0.4666666666666662	0.0	0.0	0.0	0.19722222222222086
52.5	0.3500000000000085	0.0	0.17500000000000426	0.9650000000000034	0.0	0.20000000000000284	0.3883333333333354	0.0	0.0	0.0	0.1877777777777799
53.5	0.29999999999999716	0.0	0.14999999999999858	1.0	0.0	0.20000000000000284	0.40000000000000097	0.0	0.0	0.0	0.1833333333333332
54.5	0.29999999999999716	0.0	0.14999999999999858	1.0	0.0	0.19999999999999574	0.3999999999999986	0.0	0.0	0.0	0.18333333333333238
55.5	0.29999999999999716	0.0	0.14999999999999858	0.9649999999999963	0.0	0.28700000000000614	0.41733333333333417	0.0	0.0	0.0	0.18911111111111092
56.5	0.29999999999999716	0.0	0.14999999999999858	1.0	0.0	0.3129999999999953	0.4376666666666651	0.0	0.0	0.0	0.1958888888888879
57.5	0.30000000000000426	0.0	0.15000000000000213	0.9649999999999963	0.0	0.4000000000000057	0.4550000000000007	0.0	0.0	0.0	0.20166666666666763
58.5	0.29999999999999716	0.0	0.14999999999999858	1.0	0.0	0.10199999999999676	0.36733333333333223	0.0	0.0	0.0	0.1724444444444436
59.5	0.29999999999999716	0.0	0.14999999999999858	1.0	0.0	0.19999999999999574	0.3999999999999986	0.0	0.0	0.0	0.18333333333333238
60.5	0.29999999999999716	0.0	0.14999999999999858	1.0	0.0	0.29999999999999716	0.4333333333333324	0.0	0.0	0.0	0.19444444444444367
61.5	0.25199999999999534	0.0	0.12599999999999767	1.0	0.0	0.39799999999999613	0.4659999999999987	0.0	0.0	0.0	0.1973333333333321
62.5	0.29999999999999716	0.0	0.14999999999999858	1.0	0.0	0.19999999999999574	0.3999999999999986	0.0	0.0	0.0	0.18333333333333238
63.5	0.29999999999999716	0.0	0.14999999999999858	1.0	0.0	0.20000000000000284	0.40000000000000097	0.0	0.0	0.0	0.1833333333333332
64.5	0.347999999999999	0.0	0.1739999999999995	1.0	0.0	0.0	0.3333333333333333	0.0	0.0	0.0	0.1691111111111109
65.5	0.3500000000000085	0.0	0.17500000000000426	1.0	0.0	0.0	0.3333333333333333	0.0	0.0	0.0	0.16944444444444584
66.5	0.29999999999999716	0.0	0.14999999999999858	1.0	0.0	0.20000000000000284	0.40000000000000097	0.0	0.0	0.0	0.1833333333333332
67.5	0.3019999999999925	0.0	0.15099999999999625	1.0	0.0	0.0	0.3333333333333333	0.0	0.0	0.0	0.1614444444444432
68.5	0.347999999999999	0.0	0.1739999999999995	1.0	0.0	0.0	0.3333333333333333	0.0	0.0	0.0	0.1691111111111109
69.5	0.3500000000000085	0.0	0.17500000000000426	0.9479999999999933	0.0	0.20000000000000284	0.3826666666666654	0.0	0.0	0.0	0.18588888888888988
70.5	0.33199999999999363	0.0	0.16599999999999682	0.9819999999999993	0.0	0.20000000000000284	0.39400000000000074	0.0	0.0	0.0	0.18666666666666587
71.5	0.30000000000001137	0.0	0.15000000000000568	1.0	0.0	0.20000000000000284	0.40000000000000097	0.0	0.0	0.0	0.18333333333333557
72.5	0.29999999999999716	0.0	0.14999999999999858	1.0	0.0	0.20000000000000284	0.40000000000000097	0.0	0.0	0.0	0.1833333333333332
73.5	0.2680000000000007	0.0	0.13400000000000034	1.0	0.0	0.2819999999999965	0.4273333333333322	0.0	0.0	0.0	0.18711111111111087
74.5	0.3469999999999942	0.0	0.1734999999999971	0.9649999999999892	0.0	0.16499999999999204	0.37666666666666043	0.0	0.0	0.0	0.18338888888888585
75.5	0.29999999999999716	0.0	0.14999999999999858	1.0	0.0	0.3500000000000085	0.45000000000000284	0.0	0.0	0.0	0.20000000000000048
76.5	0.31500000000001194	0.0	0.15750000000000597	0.9650000000000034	0.0	0.20300000000000296	0.3893333333333355	0.0	0.0	0.0	0.1822777777777805
77.5	0.33799999999999386	0.0	0.16899999999999693	0.9649999999999892	0.0	0.20000000000000284	0.3883333333333307	0.0	0.0	0.0	0.1857777777777759
78.5	0.3499999999999943	0.0	0.17499999999999716	1.0	0.0	0.0	0.3333333333333333	0.0	0.0	0.0	0.16944444444444348
79.5	0.3270000000000124	0.0	0.1635000000000062	1.0	0.0	0.0	0.3333333333333333	0.0	0.0	0.0	0.16561111111111318
80.5	0.29999999999999716	0.0	0.14999999999999858	0.9650000000000034	0.0	0.20000000000000284	0.3883333333333354	0.0	0.0	0.0	0.17944444444444466
81.5	0.3500000000000085	0.0	0.17500000000000426	0.9650000000000034	0.0	0.10699999999999932	0.3573333333333342	0.0	0.0	0.0	0.17744444444444615
82.5	0.3499999999999943	0.0	0.17499999999999716	0.9650000000000034	0.0	0.29299999999999216	0.41933333333333184	0.0	0.0	0.0	0.19811111111110966
83.5	0.32200000000000273	0.0	0.16100000000000136	1.0	0.0	0.0	0.3333333333333333	0.0	0.0	0.0	0.16477777777777822
84.5	0.2779999999999916	0.0	0.1389999999999958	1.0	0.0	0.4000000000000057	0.46666666666666856	0.0	0.0	0.0	0.20188888888888812
85.5	0.29999999999999716	0.0	0.14999999999999858	1.0	0.0	0.19999999999998863	0.3999999999999962	0.0	0.0	0.0	0.18333333333333157
