ClockTime(s)_UtilizationValuesFrom:	Vision_Module	Audio_Module	Perceptual_SubNetwork	Production_Module	Declarative_Module	Imaginary_Module	Cognitive_SubNetwork	Motor_Module	Speech_Module	Motor_SubNetwork	Overall_Utilization
0.5	0.2550000000000001	0.0	0.12750000000000006	0.5	0.0	0.4999999999999999	0.3333333333333333	0.0	0.0	0.0	0.15361111111111111
1.5	0.08499999999999996	0.0	0.04249999999999998	0.19999999999999996	0.0	0.30000000000000004	0.16666666666666666	0.5	0.0	0.25	0.15305555555555553
2.5	0.08499999999999996	0.0	0.04249999999999998	0.19999999999999973	0.0	0.20000000000000018	0.1333333333333333	0.6000000000000001	0.0	0.30000000000000004	0.15861111111111112
3.5	0.08499999999999996	0.0	0.04249999999999998	0.15000000000000036	0.0	0.19999999999999973	0.1166666666666667	0.6499999999999999	0.0	0.32499999999999996	0.1613888888888889
4.5	0.0	0.0	0.0	0.0	0.0	0.0	0.0	1.0	0.0	0.5	0.16666666666666666
5.5	0.16999999999999993	0.0	0.08499999999999996	0.2999999999999998	0.0	0.26500000000000057	0.18833333333333346	0.4349999999999996	0.0	0.2174999999999998	0.16361111111111107
6.5	0.1849999999999996	0.0	0.0924999999999998	0.46499999999999986	0.0	0.5350000000000001	0.3333333333333333	0.0	0.0	0.0	0.14194444444444437
7.5	0.15500000000000025	0.0	0.07750000000000012	0.23499999999999943	0.0	0.40000000000000036	0.2116666666666666	0.3650000000000002	0.0	0.1825000000000001	0.15722222222222226
8.5	0.0	0.0	0.0	0.0	0.0	0.0	0.0	1.0	0.0	0.5	0.16666666666666666
9.5	0.0	0.0	0.0	0.0	0.0	0.0	0.0	1.0	0.0	0.5	0.16666666666666666
10.5	0.0	0.0	0.0	0.015000000000000568	0.0	0.0	0.005000000000000189	0.9849999999999994	0.0	0.4924999999999997	0.1658333333333333
11.5	0.16999999999999815	0.0	0.08499999999999908	0.3349999999999973	0.0	0.40000000000000213	0.2449999999999998	0.26500000000000057	0.0	0.13250000000000028	0.15416666666666637
12.5	0.0649999999999995	0.0	0.03249999999999975	0.14999999999999858	0.0	0.015000000000000568	0.054999999999999716	0.8350000000000009	0.0	0.4175000000000004	0.1683333333333333
13.5	0.18999999999999773	0.0	0.09499999999999886	0.41499999999999915	0.0	0.5850000000000009	0.3333333333333333	0.0	0.0	0.0	0.1427777777777774
14.5	0.08499999999999908	0.0	0.04249999999999954	0.13500000000000156	0.0	0.1999999999999993	0.11166666666666696	0.6649999999999991	0.0	0.3324999999999996	0.16222222222222202
15.5	0.0	0.0	0.0	0.0	0.0	0.0	0.0	1.0	0.0	0.5	0.16666666666666666
16.5	0.0	0.0	0.0	0.0	0.0	0.0	0.0	1.0	0.0	0.5	0.16666666666666666
17.5	0.16999999999999815	0.0	0.08499999999999908	0.29999999999999716	0.0	0.20000000000000284	0.16666666666666666	0.5	0.0	0.25	0.1672222222222219
18.5	0.0	0.0	0.0	0.0	0.0	0.0	0.0	1.0	0.0	0.5	0.16666666666666666
19.5	0.0	0.0	0.0	0.0	0.0	0.0	0.0	1.0	0.0	0.5	0.16666666666666666
20.5	0.0	0.0	0.0	0.0	0.0	0.0	0.0	1.0	0.0	0.5	0.16666666666666666
21.5	0.0	0.0	0.0	0.0	0.0	0.0	0.0	1.0	0.0	0.5	0.16666666666666666
22.5	0.0	0.0	0.0	0.0	0.0	0.0	0.0	1.0	0.0	0.5	0.16666666666666666
23.5	0.0	0.0	0.0	0.0	0.0	0.0	0.0	1.0	0.0	0.5	0.16666666666666666
24.5	0.0	0.0	0.0	0.0	0.0	0.0	0.0	1.0	0.0	0.5	0.16666666666666666
25.5	0.0	0.0	0.0	0.0	0.0	0.0	0.0	1.0	0.0	0.5	0.16666666666666666
26.5	0.0	0.0	0.0	0.0	0.0	0.0	0.0	1.0	0.0	0.5	0.16666666666666666
27.5	0.0	0.0	0.0	0.0	0.0	0.0	0.0	1.0	0.0	0.5	0.16666666666666666
28.5	0.0	0.0	0.0	0.05000000000000071	0.0	0.0	0.016666666666666902	0.9499999999999993	0.0	0.47499999999999964	0.16388888888888883
29.5	0.08500000000000085	0.0	0.042500000000000426	0.15000000000000213	0.0	0.11499999999999844	0.08833333333333353	0.7349999999999994	0.0	0.3674999999999997	0.16611111111111124
30.5	0.08500000000000085	0.0	0.042500000000000426	0.1999999999999993	0.0	0.28500000000000014	0.1616666666666665	0.5150000000000006	0.0	0.2575000000000003	0.15388888888888907
31.5	0.0	0.0	0.0	0.0	0.0	0.0	0.0	1.0	0.0	0.5	0.16666666666666666
32.5	0.1700000000000017	0.0	0.08500000000000085	0.3500000000000014	0.0	0.3999999999999986	0.25	0.25	0.0	0.125	0.15333333333333363
33.5	0.0	0.0	0.0	0.0	0.0	0.0	0.0	1.0	0.0	0.5	0.16666666666666666
34.5	0.0	0.0	0.0	0.0	0.0	0.0	0.0	1.0	0.0	0.5	0.16666666666666666
35.5	0.0	0.0	0.0	0.0	0.0	0.0	0.0	1.0	0.0	0.5	0.16666666666666666
36.5	0.0	0.0	0.0	0.0	0.0	0.0	0.0	1.0	0.0	0.5	0.16666666666666666
37.5	0.0	0.0	0.0	0.0	0.0	0.0	0.0	1.0	0.0	0.5	0.16666666666666666
38.5	0.0	0.0	0.0	0.0	0.0	0.0	0.0	1.0	0.0	0.5	0.16666666666666666
39.5	0.0	0.0	0.0	0.0	0.0	0.0	0.0	1.0	0.0	0.5	0.16666666666666666
40.5	0.1700000000000017	0.0	0.08500000000000085	0.3300000000000054	0.0	0.3999999999999915	0.2433333333333323	0.2700000000000031	0.0	0.13500000000000156	0.1544444444444449
41.5	0.1700000000000017	0.0	0.08500000000000085	0.3200000000000003	0.0	0.4000000000000057	0.240000000000002	0.4799999999999969	0.0	0.23999999999999844	0.18833333333333377
42.5	0.0	0.0	0.0	0.0	0.0	0.0	0.0	1.0	0.0	0.5	0.16666666666666666
43.5	0.0	0.0	0.0	0.054999999999999716	0.0	0.0	0.01833333333333324	0.9450000000000003	0.0	0.47250000000000014	0.16361111111111112
44.5	0.08500000000000085	0.0	0.042500000000000426	0.045000000000001705	0.0	0.0	0.015000000000000568	0.0	0.0	0.0	0.019166666666666998
